22500
1027
1027
1251
22636
22593
22626
15050
22926
23339
26280
24944
25969
27451
29032
30936
32650
34730
36707
38966
34433
43973
36659
49429
42759
46410
48635
50249
50631
52178
55745
60943
65005
67296
69890
71600
72903
75015
74854
73319
73862
77080
82012
90658
96708
100561
103916
105798
108052
109675
110747
56146
54469
57457
61621
63931
62513
60671
59565
59701
60348
60570
58923
58557
60107
64330
66053
65791
65156
65059
66752
67503
67790
66862
65750
65901
67890
70140
71955
72043
72216
71592
73977
74830
75714
76603
76106
76415
76077
75688
75788
76751
77694
79898
81612
83322
84763
85356
86716
85507
86130
86482
85640
86529
86904
86811
88105
88030
88869
89207
90065
90945
91623
91060
91779
91793
93050
91600
91644
92524
93399
93873
93696
94489
44282
110656
44352
54820
115393
98243
44023
53157
117307
44303
55330
56967
59199
129154
46822
56169
56420
58243
133284
45230
56231
57520
59943
60511
138707
46227
57350
57251
57145
132918
41697
126178
41776
54092
134132
44668
57502
61783
62429
62868
145062
44479
53950
57542
58993
144009
44322
50900
53383
54700
142577
40894
126871
44257
59380
66967
161884
57713
72000
75189
77259
173487
56045
68473
74747
178342
58403
71974
173576
55703
74778
78558
189728
70097
93087
213493
188919
87582
101264
103758
106731
107697
107077
106446
106410
103918
219117
71711
82417
82816
84657
82638
192031
57044
75692
85680
96338
109481
120607
126489
267500
116503
134687
140704
145199
145375
147509
145197
145001
142932
145948
144885
146343
139826
135990
129713
125604
116901
247227
67410
83514
83795
209646
63082
89391
104813
254380
106304
137301
140217
145495
145706
145681
146780
149775
149150
149582
149060
150446
151195
152186
152389
153297
154411
155350
154077
150299
649446
228691
234340
123890
135213
136110
78392
158349
63136
143206
108753
97812
83723
67105
553988
154265
78073
86790
94749
97036
99221
98787
100536
100951
102333
101864
101540
101192
101410
101278
100963
101194
101070
100650
100832
100541
100276
100780
100727
102240
101679
101853
102376
102198
101963
101795
102454
102532
102375
102837
102922
102137
102292
238369
78512
95601
96269
101930
101255
102981
101806
102217
100906
234909
77609
93895
95816
100547
99969
231167
77586
95423
96157
101134
100555
101918
102452
235689
78324
95655
96461
101875
100398
101766
101074
102069
101409
102730
235170
79736
96258
97596
101630
101840
101792
102796
235719
79499
97303
98715
102534
102404
102338
234050
79637
96354
96857
151806
6512
8901
11142
12282
6232
13026
22707
29641
29022
29555
29701
30466
32193
34344
45887
42533
34119
25615
24020
23030
23335
22042
21027
21549
22645
23612
24018
24007
23311
22993
21164
21279
21839
20612
21336
18406
34716
39551
39576
25832
32012
35775
40346
45200
42008
32995
33151
34345
31510
23977
25629
32061
38247
49735
53169
49236
41924
26462
20619
20599
20381
18090
17543
17565
20184
20242
20118
20640
22488
21382
18190
18943
19085
18869
19402
17623
17722
18891
22057
20720
18077
17235
17831
17538
18021
17647
17770
17705
16356
20859
20972
18175
17094
18167
18972
18807
18944
31189
43024
55550
53425
38855
36946
31646
36531
33596
33161
32212
38069
42324
48799
63889
85092
62562
72415
55499
54257
53687
52617
49876
53584